5995,6
5995,5
0,521
0,517
12738,5
12738,4
12738,3
12738,2
12738,1
12738,0
0,516
12737,5
12737,4
12737,3
12737,2
12737,1
12737,0
0,515
0,514
0,513
0,512
12736,53
12736,52
12736,51
12736,50
12736,49
12736,48
12736,47
12736,46
12736,45
12736,44
12736,43
12736,42
12736,41
12736,40
12736,39
12736,38
12736,37
12736,36
12632,7
12632,3
0,443
0,539
6017,8
6017,11
6017,4
6017,1
6017,12
6017,3
14,19
12736,35
12528,4
6292,5
12528,6
12528,5
12715,5
6292,1
6292,3
12528,1
12528,3
12715,1
12715,3
14,83
0,439
0,480
12735,5
12735,3
12734,5
12734,1
12734,3
12466,1
12466,3
0,489
5998,1
5998,3
14,12
10,265
10,67
10,9
10,249
10,285
10,251
10,131
10,2
10,3
11,9
9,5
9,1
9,7
9,2
9,3
8,13
8,8
8,4
8,11
8,14
8,15
12713,5
12713,1
12713,0
12632,9
12632,8
12632,1
6399,4
6399,1
5997,7
5997,1
20,3
20,2
20,1
19,3
19,2
19,1
14,107
14,106
14,105
14,104
14,8
12,3
12,2
12,1
11,27
11,26
11,25
11,24
11,23
11,7
11,5
11,3
11,2
11,1
10,309
10,305
10,281
10,213
10,209
18,1
10,197
18,3
10,143
10,33
14,95
10,1
8,17
8,12
8,10
8,9
8,7
8,3
8,2
8,1
3,3
3,2
3,1
2,2
2,3
2,1
0,467
0,0
5989,1
5989,3
13,6
14,87
14,108
14,88
12735,1
14,85
12735,9
0,410
0,453
0,448
0,506
0,518
0,538
0,273
0,404
0,270
0,401
0,469
12549,3
12549,1
12549,4
13,1
0,397
0,507
13,7
0,445
13,3
14,1
14,86
